Fecha,Casos positivos
200629,2177.0
200630,2312.0
200701,2105.0
200702,2348.0
200703,2680.0
200704,3032.0
200705,2932.0
200706,2497.0
200707,2608.0
200708,2883.0
200709,3108.0
200710,3638.0
200711,3544.0
200712,3159.0
200713,3061.0
200714,2911.0
200715,2979.0
200716,2976.0
200717,2826.0
200718,2778.0
200719,2714.0
200720,2893.0
200721,2963.0
200722,2987.0
200723,3326.0
200724,3658.0
200726,3235.0
200727,3072.0
200728,3655.0
200729,3145.0
200730,3764.0
200731,3754.0
200801,3047.0
200802,2914.0
200803,2856.0
200804,2390.0
200805,2161.0
200806,2182.0
200807,2447.0
200808,2634.0
200809,2397.0
200810,2262.0
200811,2096.0
200812,2139.0
200813,2460.0
200814,2553.0
200815,2738.0
200816,2360.0
200817,2210.0
200818,2075.0
200819,2442.0
200820,4249.0
200821,4330.0
200822,4870.0
200823,4537.0
200824,4066.0
200825,4152.0
200826,4275.0
200827,4492.0
200828,4849.0
200829,5234.0
200830,4888.0
200831,4502.0
200901,4904.0
200902,4791.0
200903,5065.0
200904,5682.0
200905,5413.0
200906,5216.0
200907,5081.0
200908,5507.0
200909,5319.0
200910,5299.0
200911,5486.0
200912,5599.0
200913,4971.0
200914,4662.0
200915,5050.0
200916,5188.0
200917,4274.0
200918,4192.0
200919,4499.0
200920,4051.0
200921,3628.0
200922,3777.0
200923,4144.0
200924,4297.0
200925,4198.0
200926,4170.0
200927,3906.0
200928,3950.0
200929,4198.0
200930,4575.0
201001,4626.0
201002,5139.0
201003,5250.0
201004,4916.0
201005,4739.0
201006,4726.0
201007,4742.0
201008,4921.0
201009,5118.0
201010,5238.0
201011,4700.0
201012,4671.0
201013,4652.0
201014,4803.0
201015,5016.0
201016,5493.0
201017,5278.0
201018,5217.0
201019,5206.0
201020,6010.0
201021,6026.0
201022,6512.0
201023,6795.0
201024,7139.0
201025,6752.0
201026,5903.0
201027,6312.0
201028,6283.0
201029,6262.0
201030,6383.0
201031,6373.0
201101,5814.0
201102,5593.0
201103,5557.0
201104,4897.0
201105,4296.0
201106,4084.0
201107,4295.0
201108,4509.0
201109,4415.0
201110,4552.0
201111,4347.0
201112,4265.0
201113,4017.0
201114,4322.0
201115,3822.0
201116,3590.0
201117,3121.0
201118,3390.0
201119,3142.0
201121,3628.0
201122,3860.0
201123,4065.0
201125,11942.0
201126,8540.0
201127,9734.0
201128,11347.0
201129,11681.0
201130,11862.0
201201,13558.0
201202,15806.0
201203,17901.0
201205,43686.0
201206,21377.0
201207,21138.0
201208,23872.0
201209,25615.0
201210,27660.0
201211,29554.0
201212,31263.0
201214,30434.0
201215,32650.0
201216,32675.0
201217,32469.0
201218,33849.0
201219,35403.0
201220,34277.0
201221,32432.0
201222,36420.0
201223,35735.0
201224,36911.0
201225,36509.0
201226,33818.0
201227,31795.0
201228,29544.0
201229,31078.0
201230,31351.0
201231,31251.0
210101,30980.0
210102,29200.0
210103,26444.0
